2 -3.78976096652883 1.85120733198091
3 -1.51184675517098 -1.11718547949297
1 8.47477588666326 -0.819811771653372
2 -3.24936501697002 -0.140091145862874
1 9.46048894793269 -0.815687635101671
2 -2.28975818845075 1.93175409740185
2 -2.84493462038748 1.69589439499815
3 -2.17704292534433 -0.625716811034109
1 10.0667480201318 -0.232581173117373
2 -3.68698384064071 0.868531799203716
3 -1.53786051171647 -0.800899562391076
3 -2.85915304600517 -0.539745673709988
2 -2.03596893133041 -1.77920791763225
1 7.68290003645562 -0.790094177159291
1 8.91303635201619 0.144582909205975
2 -3.65706244101095 -0.00324161014946922
1 8.29996499028523 -0.565542142932062
2 -3.40525897816395 0.940888163573908
1 8.33204937474313 -1.82238618119675
2 -5.51403229165308 2.7271736713158
3 -2.22806427653154 -0.679892639010184
2 -2.75520237185707 -0.736248743277192
2 -3.73170502219506 -0.4759555398677
1 7.68579797074807 2.42811268271813
1 9.89415555349441 0.385831181901142
3 -3.47469879159531 -2.22877727757131
3 -1.59724100457487 -2.46016389718351
3 -2.18362871828436 -2.59889918247598
2 -2.99648551424793 0.170514957232793
3 -1.5661730461542 -1.56099365294792
2 -2.56878727547305 0.125123416968295
3 -1.78515661417637 -1.60813068931838
1 10.1575854809333 -0.720379601060175
2 -5.53683096658724 0.306180509133752
3 -0.874455226807269 -0.127074629212383
1 8.42534551224912 -3.53580238953205
1 9.31770350296797 -1.21829294280538
1 10.0700548891999 -0.153955016949344
1 7.47811491859617 0.543179966526336
3 -1.61583954097581 -1.60006881604671
1 9.63217854047786 1.43717552340013
3 -1.30609482819111 -1.04254099277216
3 -4.3836359795576 -0.948418366079338
1 8.69021495042294 -0.843265383210178
1 8.04433606363982 -0.453513153494326
3 -1.66138033718382 -0.432597808758933
3 -1.49537369274607 1.30885438617581
1 8.44363644818948 -1.41361372743802
1 8.85962910480352 -1.09470856308989
3 -3.54818668219568 -0.296646819679369
3 -3.21456389185148 -0.499895694629084
1 8.87524856880263 -2.08019863726784
3 -1.48640760772895 -0.781190480748639
3 -3.46121125716714 -0.804195149128168
2 -2.71466675984867 -0.272760855046392
1 8.09853303369614 -0.883483536325987
3 -1.89892773996441 -1.54923462222715
3 -0.934499490094893 0.49717151035037
1 10.3234421948548 -0.425965941209614
1 8.72185649876867 0.475286243781536
3 -2.32411071842959 0.688367688419916
3 -3.4754816542468 -0.16551662815821
3 -2.70566616467176 1.57324671183615
3 -1.95185110143767 -1.15327314376149
3 -1.64170427945155 -1.77061954733942
3 -1.67747331937444 1.65126829027115
1 8.46192140453707 2.65439003183416
3 -1.91540612192711 -0.934838292981778
3 -2.12195835907261 1.55609893716974
3 -2.1391319755125 0.277732451890088
3 -0.554411172471338 -1.23625802711828
3 -0.444371602650195 -1.18840712524396
3 -0.91115044360532 -2.12564614656069
3 -2.14191220603877 0.241627504612362
1 7.33078522982112 -2.5366238567634
3 -3.10175319332618 0.677615112095276
3 -1.76181636494638 -1.43066184056131
2 -4.74167064325984 -0.682347150367622
1 9.28805877820406 -1.32582172974946
2 -3.5147085997745 1.53198613256002
2 -1.61157690108322 1.87376521056059
2 -2.35204920647562 -0.470480199893306
1 8.63834440885325 -0.515709834512909
1 8.60583862680183 -1.61930773295153
2 -5.1926517596484 -0.761070958823646
2 -2.99297493706216 0.328787305746337
2 -3.45833735384167 -1.34839719838148
3 -0.716262825037366 -2.53019175044478
1 9.87381644391846 1.01238407165636
2 -1.91117531135085 1.81256556964416
2 -2.13825464429122 -1.38219129429442
3 -2.09857370308332 -1.99382084785129
3 -2.42532200824788 0.630065359057977
1 8.42955430831078 -1.8676044297131
3 -1.78229367722262 -0.484707336307974
1 8.3591940670553 -0.549426366421681
2 -3.90862902674212 0.860682392328467
3 -0.699315441211416 -2.49629465120444
1 9.64717406891398 -2.23000234905442
2 -4.27812095185477 0.979722754534444
3 -1.79624277334929 -0.492140076815925
1 8.5575114196235 0.360799498931462
2 -1.33023811876414 0.484420325748022
3 -0.891559943623252 0.103376566105295
1 9.89648071987884 0.395700547035094
2 -3.69423316927282 -0.0960850589423864
1 9.23749143288237 -1.07101596600926
2 -5.64746415537738 0.989102806836428
1 8.68308814445641 -1.38773265061295
1 10.8356795685952 -1.34217048375734
1 8.58179880468005 -3.50685667772463
1 9.10297671499192 -2.15228634308017
1 8.99273914300668 1.04206094031334
1 10.7519621705542 -1.22455178288238
1 9.91837340418916 -0.481164964944214
2 -4.23535383236923 -0.309955584104944
2 -4.09440645912116 1.17054402861723
2 -4.29400507161397 0.950572221395372
2 -4.05483721427748 0.785116603758389
1 10.1308051373809 -1.28029562129408
3 -2.7259138765105 0.661242216805379
1 8.37730204435163 -1.58176658703905
2 -5.48219794286378 -0.10483381259659
2 -3.99730990086052 0.24567918148819
3 -1.62958027695831 -0.728219485747314
1 8.3785523883684 0.237056780219857
2 -4.21766529825578 0.517798107022117
2 -3.76308229410665 0.122661885025078
2 -1.79975804967951 0.40529995409994
3 -3.30863844673247 -0.0461464548822279
1 8.36658535653578 -3.31749229757683
3 -1.81947805303387 -0.376025444949854
3 -2.20819577911895 0.025462369372973
3 -3.67294002753523 -2.1206594868521
3 -1.1127286387882 -0.0485210918983132
3 -3.88344030172672 -1.90565296903829
2 -1.68005277088257 0.822741302144906
1 11.0368590909666 -0.333892213715019
3 -0.573589832964538 0.939536646824649
2 -3.84432399797513 0.623543608909838
3 -2.97368362193579 -2.02818982078652
3 -2.40240271806402 -0.525442832492047
1 7.73783621149732 -0.836957802379524
2 -3.24618158848849 -0.988821985028146
2 -2.79359830551914 1.37932612791416
2 -3.75158385418719 2.09420664833663
3 -1.59500511518468 -1.61438984146026
3 -2.53438003792415 -1.82753484416337
2 -3.70299039502119 -0.472672132624993
1 8.70225724214913 0.648297742684988
2 -4.08255413340877 1.39559817354951
1 9.40268278207467 -0.367539372384138
2 -4.21709265102031 0.356748688682897
1 9.88199658315336 1.60561223929463
3 -2.46689532336451 -1.37447690057048
2 -6.28672459466106 1.12169449590927
1 9.61269355802829 -0.783241739571381
2 -1.33085474994799 0.857747279011682
3 -2.334795298045 0.112333254233059
2 -3.21519912693645 0.877062591525579
2 -3.42560800134406 1.52327785294669
2 -3.06965552613617 0.553122847680126
2 -4.96780967366038 1.07028110227665
1 7.56282893621374 -0.487324657806145
2 -4.39084255275171 0.690179605122919
3 -1.28811157092558 -0.0633068430600764
2 -4.24440891600575 -0.162960659433226
2 -4.74229150009375 0.501178686814207
3 -2.06573673881539 -0.286705734280942
3 -3.915286734393 -1.13114425217972
2 -3.01221914106927 0.565210527298181
2 -3.89667153064505 0.974991669416233
3 -1.35070571127599 -1.86074357068355
2 -2.50302900576292 0.30179957332168
3 -1.68277340085959 -2.18210768886855
3 -0.846235812942953 0.217627555619331
3 -2.08144587111812 -0.885808923359858
2 -3.50193396871553 0.68747876577466
2 -2.21999008115945 -0.288299062799936
1 8.19386098541058 -1.32649852672259
3 -1.14888337542527 -0.382791581075584
3 -3.00364658613728 -2.11462744465607
2 -3.3515996564708 -0.334830626562132
2 -2.91071185740037 0.761519231566677
3 -1.53256664735662 -0.953091274916572
3 -2.93807100002933 -1.79452165301783
3 -2.25115788349454 1.34473542358508
3 -2.27801909863164 0.744028837761029
2 -3.66773574903214 0.244090114129954
1 10.8694289711394 -0.576493085234733
2 -3.26169099379606 -0.0285041981203349
2 -2.95106869850062 -0.0984553962184887
1 10.602119742606 -0.640173181197593
2 -3.09985901084004 0.469710021178304
2 -4.33957342247754 0.534000975078174
1 9.13515899752802 -1.83503671081692
1 8.42522656575197 0.699686304584653
2 -1.49435438152645 0.437650083875975
3 -2.6007110375411 -1.57136575704773
2 -3.48995681603647 0.899823954706902
2 -3.62775682939993 2.09049447840177
3 -3.44758367448615 -1.22984494106431
2 -3.04021321185934 -0.373901452174017
3 -2.85479752216329 -1.32515741269207
3 -0.854383761904736 -0.287759824643335
1 10.0442364997262 0.592710050314768
2 -3.56492301719599 -0.363152265168424
1 9.44684230007634 -0.0828456926097763
1 9.34701745384303 -0.0468424844890691
2 -3.62070822063439 1.55817150338952
3 -0.527737598999906 -1.63151805831041
1 6.98205004986102 -2.12891163626559
1 9.74816788199939 -0.713525309661994
2 -3.42061211654181 0.898328588663128
3 -0.76928141966628 -1.674108245816
2 -2.757421540276 -0.637075599181112
2 -3.11817940065592 0.568333343957342
2 -3.54362112935996 1.76855530588448
2 -3.00891692856187 -0.47571649556339
2 -2.18747210678295 0.926603528364673
3 -0.799470964294022 -0.106904635062249
3 -1.795055080231 -1.65597588483711
3 -2.18485270402785 -0.869711161033067
2 -2.66845312534969 -0.787937681675057
1 8.63569208658605 -0.224661696735011
1 8.7431262632274 -1.39769671297095
2 -2.244005497031 -0.00469508093086052
1 9.23343110086499 -0.334326537867101
1 9.73962188181133 -0.295664887697018
3 -2.58172789509631 -0.72933297899922
2 -2.6942609893926 1.08511515865809
1 9.95168947166404 0.110648890559495
3 -2.76116875494393 -0.705010882980865
1 10.3275729089251 0.106636042342916
1 9.73556498878479 -0.44936274268761
1 8.68282584721171 -1.85246184131018
3 -1.67865897360592 -0.722174568328263
3 -2.59891419521313 0.740228520194895
1 10.2063881319854 -1.06355860276655
3 -2.27040188022634 -0.324916079672219
1 9.75673196678565 1.57863548164421
1 8.60165587305392 -0.655265042633237
1 7.04974340456805 -1.21546824799443
3 -1.81349584734564 -0.657271237232585
3 -2.1192538912017 -0.812802502740506
2 -4.12345228455364 2.86088231466903
1 7.69386235161044 -0.390286328636215
2 -3.43999504955 -0.373081261305105
3 -1.51640051932135 -1.90474669098379
3 -2.8732100059752 -0.908735819581094
3 -2.30333185619719 0.116450781563008
1 8.79660099844356 -0.763402135620618
3 -1.24470940342419 -0.879844437112287
3 -2.40958822494255 -0.927074614576154
2 -4.64660893187503 -0.382210665303376
2 -4.49504556380734 0.031396652340425
2 -3.53881379126495 0.419144734486374
2 -2.63513900106393 1.50276318042509
3 -3.1002932659776 -3.55357433464586
2 -3.61088058569839 -0.258857244094354
2 -3.74517835205174 0.465356127981653
1 7.77603406120372 -1.22977776583852
2 -1.90527433446137 0.876915384547007
1 8.57477469448442 -2.1080321834606
1 11.3370549711509 0.0834152859601803
2 -2.66943285286952 -0.502069100372178
3 -1.86174835024894 -0.130864862777057
3 -2.08635869557332 -1.3556548934898
1 9.45425061784424 -3.62613237273252
1 8.04047048920369 -0.238339548730437
1 9.91519282860477 0.110954752442412
2 -3.48575090517121 1.10873356968418
3 -2.9683068334458 -2.48532626242619
3 -1.66430687402522 -0.63589447053318
1 8.00043213865847 -2.4363353143311
2 -3.27555684671878 0.890119009669092
2 -3.24643437966549 0.533900739410488
1 8.10063400599388 -1.81364988559738
3 -2.13943204343405 1.25339445688262
3 -3.63229757237077 -0.521606854239262
1 7.9759226345108 -0.221338111301096
3 -4.21261466679612 -0.32857188477339
3 -1.72259315806302 -2.45997531557872
3 -1.15933777280219 -1.36406060117994
2 -2.36723402267612 -0.0807719593304878
2 -4.93498540535642 0.952475869230083
2 -3.74432134057437 -0.0248494832557817
2 -2.61758485900552 0.463339612168113
3 -3.35022232859229 -0.143523735711073
3 -2.37674447975373 -1.7203655289584
1 8.78687649009731 -0.263925157229236
1 10.5621736500566 -1.76414376411937
1 8.89451742141687 0.288944616043913
2 -3.07670694747908 0.225178552872454
3 -1.53936786541192 0.00448702871117568
3 -1.44916343081591 0.00105501980607436
2 -3.79654076906311 2.19849760279288
1 9.89504849051791 -2.97826100150214
1 8.83845433418177 1.05204041140195
1 8.91546828101408 -1.14031691814309
1 7.98386278625211 0.248841931371012
3 -2.30410728086614 -0.434451907529521
3 -0.87992594221793 -0.170021205461032
1 9.3572281176582 -1.64448378104746
1 9.10608713358364 -1.21061099226423
3 -3.03538611261847 -1.09162402484931
1 9.72394231072431 -3.44353060944733
1 7.88985430837941 -0.747185059399689
2 -2.40204566898104 0.40887212498628
3 -2.49830229002179 -1.05131098627693
2 -3.22454753084543 1.01408649881999
1 8.64739111887405 -1.43197417182786
2 -5.16760105998851 0.514531549967988
2 -2.93995223458583 1.24484037491292
1 10.7138918846861 0.00670402591052066
2 -5.92997734577952 0.76777062895744
2 -3.6125452410981 -0.25898858324507
1 11.2605567338675 -0.484550017867436
1 8.80352443909046 0.184175519055577
2 -2.48154192967496 0.353005517046132
3 -1.67287720639957 -0.232072025580105
3 -2.57430266755265 -0.740778039005776
3 -3.11395504116682 -1.87275209572525
1 9.19572688265136 -0.628142935752418
2 -4.47255264955765 0.746756780239495
1 8.49347005728281 -0.944901588128746
2 -3.36970654527048 0.288313222042635
1 9.16764400558174 -1.78532593187929
1 7.54619523558737 -1.56166502157983
1 9.63279580966008 -1.86720002333093
1 8.92529690568358 -2.0097923690707
1 8.71232187471903 -2.95197014151648
2 -2.13595601760607 -1.45611474164163
2 -3.93220234903889 1.00356915168914
2 -4.80368220229792 -0.286147992593669
1 10.8151524583877 0.638171726011977
3 -1.52535865845204 -2.95735403883925
3 -1.06492384717699 -0.759689490480397
3 -1.72281928166398 -0.603939954208386
1 8.09109239931641 -2.86358935439453
3 -2.10590791199916 -0.96313612974545
3 -3.35713628741509 -1.02795076685275
3 -2.95817260713047 0.507440889039717
2 -2.92181527794555 0.509055193027859
3 -1.09467262604067 -0.978104130077
2 -3.70871339396225 0.659740462736583
3 -1.20412852616541 -0.408429030414519
3 -2.7401525627753 -1.33189572924938
2 -3.96376816437757 0.487089265664232
3 -0.232275719930268 -2.13247037343596
3 -2.39358087396833 -1.58066729880569
2 -3.20241658938874 1.51365952680366
3 -3.17646914201077 -1.39060871853782
2 -2.4015140148759 1.32803380852114
1 9.35471997479078 0.401359240902971
1 7.12539201544905 0.407898849812971
1 10.3770944849486 0.445536203404835
1 10.3450638610537 -1.03994311468954
2 -2.69120892917422 2.11832535741366
2 -4.87326250238298 1.2279191901224
3 -2.49673858289299 -2.78564665347092
1 8.70743161921967 0.888048638743809
2 -2.11473221442706 -0.527200497071436
2 -4.53835606978896 1.26941333913288
1 8.8146373118039 -1.15318717514511
2 -2.71289206339481 0.307896463610184
3 -0.0671020366590831 -2.19212304599993
3 -0.272400774562911 -0.338310095689407
3 -3.29728491969896 -2.99464143524957
2 -6.6409342163606 1.20275764725467
1 8.0648779989651 -0.211211480144097
3 -2.00354517709352 -1.53852407548938
1 8.96795357899774 -0.115173078929228
2 -3.1224134624288 0.140522392475392
2 -2.35693288619278 1.8457166020938
3 -1.37549245046378 0.47197503036378
2 -2.99273272567048 -1.01047449039661
1 7.50965269852583 -1.51275553439528
1 8.47069656523956 -0.0663425809368896
3 -1.57800055309788 -3.58491786039766
3 -1.83813321506111 -0.103135522011855
3 -2.71098934738367 -2.14338949285464
2 -3.5770102782218 1.12740770109495
1 9.67024339031607 -0.775704208029843
3 0.52243443003632 -0.161151450509678
3 -1.52211626711672 -3.0134333519751
3 -0.99910473257317 -2.6908596520554
1 8.39957186472829 -0.241208769573704
1 9.94351083208973 -0.678754261900436
2 -4.21348733470148 -2.49242210007465
3 -1.75800634226174 -0.0998870101285971
2 -2.14535460659917 1.39329638144782
3 -2.33084882113543 -0.456482523461666
3 -1.79850243690495 0.900628616330908
2 -2.32388606313328 0.318736076611884
3 -3.05085343108873 -0.000118274688736819
2 -4.13739126384752 0.130735346016087
1 7.24497545806899 -2.06192518054902
2 -4.18164656389385 0.81732186090726
1 8.76617771814105 -0.297563265371519
2 -3.78426142218197 -0.1446733444202
1 7.05779895257499 -0.750436401334036
2 -5.31555638584849 1.35466543662055
3 -1.62464333826732 -0.176579837963854
2 -3.32181964066209 0.352712324630187
1 8.32466061014355 -1.32778227629275
3 -3.43548842655454 -1.15732473604525
1 9.17460117703188 -0.112366989366997
1 10.7307122218846 -1.00670824627299
2 -4.22344050306751 1.05775298925691
3 -2.60285339471658 -1.60159299503835
3 -2.32459989002578 -0.0203367213675585
2 -4.10832578276911 0.282796249681926
1 10.3649726662962 0.0239164664287254
2 -1.68172185940144 2.44566010880487
2 -3.52776190394318 -1.55696206095409
1 9.7742008739009 0.219278975611249
2 -4.40231962790514 -0.540082118884541
2 -5.29640789252164 1.2684675627339
2 -4.36521020315168 -0.213983207951348
3 -3.01521068997909 -0.727746544344367
1 8.31441642513939 0.575670591314525
3 -1.51821068213619 -1.08356530541359
1 10.7622556153718 -1.57045295677642
1 8.49660506360159 -1.63796630341431
3 -2.10095526334539 -0.99828232647495
3 -2.17494130808821 -2.25467578589837
3 -0.822303179035424 -0.0244463983324998
2 -4.15614812465429 1.36947749964475
1 7.98427711883105 -1.420626786911
3 -3.12040186882529 -1.00467138096336
1 9.87320484262113 1.25985371553272
1 9.50994724231269 -1.47857337375165
3 -1.80808743030192 -1.0886377943783
1 9.90260763871723 0.225024030112097
3 -3.05693297233334 1.34604324702353
3 -0.577982303471131 -0.150533849351486
3 -2.79096226416841 -2.64857792430615
1 9.24637004855387 0.593464357905201
1 9.36458379205366 -0.558477976844463
1 9.66819521608831 0.526532637700042
3 -2.36061150533445 -3.08069642409402
2 -3.81572534479923 -0.875890159070406
2 -3.33000484948422 0.777929009677491
1 8.92285671755272 -0.595218959426727
1 10.0127964616262 -1.63870160057058
1 10.7539319297559 -0.473425785231707
3 -2.51014432866438 -0.219066301498793
1 7.96014826431973 -0.806947766176612
3 -1.81768705996154 1.73500313859032
3 -2.82579963510559 -2.39263164364836
2 -3.85770614303744 -0.309067069687131
1 7.4214568087336 0.496260311137972
2 -3.20078481773059 -0.440860566156468
2 -5.079314274313 -0.935458340800373
3 -2.18157823955306 -2.5879214499621
2 -3.13779643166413 0.597802263383341
2 -5.36465899025698 0.159180745335141
3 -2.5341137212833 -0.530459746297386
2 -3.33987888918242 -1.32971806039846
3 -3.1913483885381 -0.813373765272787
2 -3.86552373628951 0.338237431721046
3 -2.0591548527856 -0.333198003454463
2 -2.79118288245069 -0.0382399305882945
1 7.70335893173452 0.717874348636188
3 -3.20792861807868 -0.35391686075097
1 8.84889476809835 0.416890506406326
2 -4.85263874124625 -0.568782655191607
2 -5.4912042227769 -0.134570037864809
2 -2.95850856951033 1.95294319709772
1 9.921219362931 0.621910977857568
3 -3.67719155575725 -0.664362029337716
1 10.2921408038715 -0.215762454423731
3 0.0339846791658571 -0.17213912128822
1 8.98235665565984 -1.555951864681
3 -2.33123599214766 -3.38250266349672
2 -2.66890274790253 -1.29339424281353
1 8.69287403638489 -0.483198552640038
3 -3.03601136813832 -0.816306869499517
1 8.67718516460104 0.576699081155814
3 -1.11665356813547 -0.559618864660945
1 10.1657593245186 -0.248475091087893
2 -1.7118572971916 0.136327466750053
3 -1.01660624018526 0.0167582741671515
2 -3.8415817792078 2.05662948661879
3 -1.55620382791843 -2.37771930064716
3 -3.13449319813797 0.930136340400319
3 -2.20853337280957 -0.0474928592269963
2 -4.47542989147553 1.55730140917141
2 -2.22070122767905 1.0805936525743
3 -2.14319803389819 -0.326850045214495
1 8.34242461363294 0.865382227297658
1 8.15351809093642 -2.59512273543931
3 -2.92263981926506 -2.06755929072365
3 -3.01504688309388 -0.843299120924328
1 8.02792595222867 -2.23009686630194
1 9.01464351786134 -2.38960385118474
2 -4.33779821941863 0.342388265221718
2 -3.20504548487756 1.22055316003665
1 7.40457843008024 -1.25113678781262
3 -3.33666674443989 0.71717448700379
3 -2.72738019437435 -0.221800226700683
2 -3.76026760583698 0.638579098089057
2 -4.03769090287124 -1.88010319660855
3 -2.09048269257928 -0.905602637617194
3 -1.8045813867315 -1.40535693195388
1 9.68313730218381 -0.900520704389218
1 8.60765112659016 -1.42829025295941
1 9.48738817721668 1.69980351202432
2 -3.70163733624982 -1.22565251118245
2 -2.33802671141929 -0.824522023274034
1 9.35440762880441 -1.51411183279118
3 -2.08017826636642 -1.53114993685511
2 -3.27852843531216 0.597773929974554
2 -3.35549333412593 0.566214368997012
1 9.82371243018798 -1.64094787545017
2 -4.41569159202853 0.834927460456802
1 8.65124643823564 0.219625008406656
3 -2.71782734121632 -1.46720439474966
3 -2.19038769441262 0.298795318322798
1 8.51185326756125 -1.17504195575431
3 -1.72674121192629 -1.30390626862665
2 -3.49305352045238 0.0789927669110554
1 10.3784478740602 0.00434433906769749
3 -0.479027821883721 -1.83459891620013
2 -3.77809722920738 0.714004088303153
1 10.1254723899711 0.502512354442261
1 9.8918094339514 -0.663155143998491
1 11.3751773654104 -0.865103542050099
1 7.65238006709977 0.293305847036137
1 10.2557928543645 -0.296392171522179
3 -2.59261521754357 -1.18852936599274
3 -0.688300024436101 -0.553900691767925
2 -4.3661428044593 1.03102181943271
3 -2.25208803521174 -1.16460909894754
2 -4.33407132751308 1.16150478376084
1 9.39228647218944 0.155661142694087
1 10.36804988718 0.049325424427091
2 -4.443955335288 1.44360175210664
2 -2.90413247255104 1.31268898595331
2 -2.74332097255574 0.0439485801731524
1 7.37308183935707 -2.26233773016426
2 -3.23966844931501 -0.281538074468528
3 -3.20429322971107 -1.57147975953222
2 -2.08682512372459 -0.727484384271207
3 -0.284199997731934 -0.662914030011039
3 -1.77025244450518 -1.48317357208706
2 -4.39536872685148 -0.99864703617636
3 -1.42869288045709 0.594066920858529
3 -2.90013326396748 -1.59724131466594
1 8.12982245974448 -0.0691249401585221
2 -3.30225525323601 0.180389934721152
1 9.78004565955002 -0.425871485862785
1 9.1202196576061 -2.44606011031635
1 9.16202941218884 -0.193176305271576
2 -3.75526654724237 -0.45925533959036
3 -0.358751751976262 0.363522154937566
1 7.68153999577819 -1.06759506557827
3 -1.82945457366633 -1.29136009618465
3 -2.5733846717787 -3.93724197919338
1 7.03348421348444 -1.57561279539157
2 -2.89978821399384 1.59795472730534
2 -1.6746905992415 1.05996630897734
3 -2.01111032338782 1.11475765694797
1 10.0626124526592 1.83207599154415
2 -3.61023412374698 1.45263204893795
1 8.97352102891779 -3.37705861859937
1 8.09418298752142 -1.32110516882534
1 10.3887886830922 0.848878914272158
3 -0.936482253874639 0.0273075762328492
2 -4.14923723594439 -0.342555397862191
1 10.9037751469066 -0.872848212917852
1 9.43563862418079 0.447838358167287
3 -2.16054734935965 -2.15775894644467
3 -1.52827336189252 -1.13247518211963
3 -2.77413982865071 -0.810799275645719
2 -3.1873236247317 -0.745260697478134
3 -1.75676986884822 -0.890461871205221
3 -2.89056162701968 -1.31623133154312
3 -1.61896580041245 -1.92072457702911
2 -4.01324294073353 0.283033062640552
3 -3.50729056670002 -1.69735803255831
2 -3.68851182806442 -0.271907143965298
3 -1.76276740549406 -0.828824547016257
2 -3.28917392484956 -0.0597217945802515
1 8.56687833337157 -1.18268844298773
3 -2.29331221880825 1.21927732059262
3 -1.06892478794007 -1.6672186488429
1 9.85226959394416 -0.0959958309494464
2 -4.53284213210178 0.105504006136023
2 -3.57934648535198 0.0485906882274137
2 -2.77130026109163 1.62759535461084
2 -5.13567244966803 -0.443169825277424
2 -3.30347911331659 -0.124731888639195
2 -4.2384139612102 -0.979752523116451
3 -1.94877794649342 -1.32741658924772
1 8.11074200918536 -0.435886042608366
2 -3.28615958686544 1.44608675166929
2 -1.77486085485216 1.07331023261317
3 -0.885713249098723 -0.558936377211041
3 -2.45362128399832 0.519937688508066
1 8.07707127505262 -0.746035582049525
3 -2.45965496922763 -0.510884202128119
3 -2.90929620892167 0.797014864707532
2 -4.11966495810346 2.07874502809103
2 -5.97071591505229 0.803620966559583
2 -3.29588451831307 -0.484331492461433
2 -2.24811399504603 1.50857480848147
2 -3.20857853018338 0.914029205248277
3 -0.445245723637576 -0.991860671954283
1 9.14559842111932 -1.86923323983511
3 -1.74948861498502 -1.88270339358911
3 -1.89945759194761 -3.07160591729621
2 -4.17638899846144 0.0484135206063436
2 -4.74028206648298 0.517925179550992
2 -2.39560110992896 0.330639752804802
2 -4.26660464448304 0.0661405263292005
1 8.30650368343771 -0.82613256382147
2 -2.02859573338606 -0.272198310228257
3 -3.04168535922899 -2.0933994950223
3 -1.78049650462001 -1.18408458183323
2 -3.15080507255459 0.0486531726275443
3 -0.542768751182547 -1.5967436443858
2 -4.2758582032617 -0.25883667103052
3 -2.01324854839625 -1.51051880119219
3 -2.55243804943739 -1.76184854958548
1 7.8102230111196 -1.74688599968626
1 8.21395994347026 -0.764207014016344
1 8.27480746904333 -0.290186430096104
1 8.31731551350272 -0.0183084280631473
3 -2.27736524313045 0.59602400151409
3 -2.21279461194008 -1.28429617090245
1 9.07388927443475 1.06790240991133
3 -2.68636696202194 -0.715171908957304
2 -3.01021063816936 1.47717103189281
2 -2.32894927586964 1.04621897628929
3 -3.35355247066352 1.96354019355122
2 -3.32627594806239 0.761525970084797
3 -2.22838484928796 -1.80715571505365
2 -3.48243095517196 0.0351175572309418
1 8.93491073481662 -0.821712896880886
2 -2.41410611982464 0.525381844631944
3 -3.84571010018073 -0.530023727765562
2 -3.69534875081478 -0.736844466853978
2 -2.87839040494382 -0.181954049928437
2 -3.84123707159153 -0.41966838844981
1 8.91918149175751 -0.222172012192564
1 8.22747165881333 -2.16105679292497
1 8.54499725386912 -1.44001163837791
1 9.21401964036997 -1.00582094638817
3 -2.72297726110258 -2.36074144902984
3 -3.11862629505369 -0.0207403534552452
1 7.61674232292138 0.196381096551583
1 9.55631737767781 0.0204881218244192
2 -3.1118313000132 0.879430164322148
2 -5.1944960959958 1.29278474290345
3 -2.25309609829755 0.62202161505865
1 7.74991927240935 -1.42169133831684
3 -1.88751115988742 1.29912605923628
3 -1.611460563108 -0.353224049812674
3 -2.91761668490248 -1.40882796955806
3 -1.13707307285672 0.391879444545468
3 -2.0361698310774 -0.98179190669548
2 -3.1077261940409 1.80874123802141
3 -0.790794708662318 -2.55178208642166
3 -2.47684412539002 -1.61525019800658
2 -3.77461859934617 -0.761820616618574
3 -1.38870500147021 -0.747415348429477
3 -1.21284458973621 -0.372818700006913
2 -3.19168912782596 0.560847224552106
3 -2.02271158596916 0.110975829094432
2 -3.63270026484343 0.303060248313186
2 -1.87539261236456 0.411603653855349
2 -2.06690595887663 1.1157035177323
1 8.10386577667555 -0.244485786196027
2 -3.3468954902897 1.70943150031875
2 -3.35809690672049 -0.0940662459918877
3 -2.13233784390104 -1.39190946428041
1 8.8342212417563 -1.14993365145661
2 -2.98046108040451 -0.507002732449486
3 -1.55209566926711 -1.05692366535845
2 -4.41185514736122 0.454213755898243
1 9.91965347513718 -0.295370980198609
3 -1.75516540241069 -1.69721802631624
2 -3.15780900972665 1.51339625963478
3 -2.31589150784104 -0.0185314296904999
1 9.26865366349184 0.350843489999449
2 -4.99345119303402 0.296050831979615
1 9.67503064251059 0.336975799488163
3 -1.19982688744706 -1.64586787022966
2 -3.53514890389176 2.7753029292321
1 9.31711353470012 -0.187608524191485
2 -3.06914756974454 -1.32493512087942
2 -3.99336025417502 1.18068606795307
3 -2.94042257365863 0.840877910754597
1 7.96507384604118 0.107355993411726
2 -4.05292955839503 -0.210657763018025
2 -3.28281201205892 1.09507103024313
1 9.29539411842493 0.622209704110479
1 9.9054012092009 -0.2661550085006
1 9.17749350794735 -2.15007162204521
2 -3.31901898767357 -0.71890227059309
3 -2.30187298789664 -0.202810953905308
2 -4.20657253424798 1.17537956817879
3 -1.8034030119649 -0.227207795346162
2 -3.03429733110803 0.788875915483615
3 -0.499321118891895 -1.23641671589795
2 -1.966075194734 1.47316461324129
1 8.41441941544084 1.69488670308429
2 -3.2103014307436 1.07787914010544
3 -2.88060677026045 0.269578817481969
3 -0.837758918771503 0.413035338082425
2 -2.82923811135283 -0.325542333805452
3 -1.42120363999526 -0.708786096654179
2 -4.29524724307192 -0.215047457872231
3 -1.82776848909237 -0.128803609937482
3 -2.11650895776757 -0.834705800455058
3 -1.14777998043748 0.761042621988566
2 -3.83337059388811 -0.0205724796293367
3 -1.79931689032236 -0.125201736845118
1 8.7108603555195 0.587956238647355
3 -3.22341678253568 -0.246500039903154
3 -2.32836484703478 -1.19534668698404
2 -3.96312979461119 2.07100169146138
1 9.97434576625317 -1.51819126853314
1 8.61724606668286 -1.38187530047962
2 -3.84431055906331 0.738257216856177
1 7.97408677197878 -0.914914132460409
2 -6.22980957594224 0.931238134890888
2 -3.71553148202741 1.03269860617152
1 10.8159090869598 -0.190969557084889
1 9.06166054807896 -0.618059919607006
3 -3.31139584176443 -2.14737282170797
2 -3.04431315129096 0.0350109622475986
1 11.1872379109103 -0.599938862435141
2 -4.90517623512498 0.286578846342588
2 -1.51847138731757 -0.460023296612672
2 -4.87289465974892 0.105126405593427
1 8.99446093668876 -0.573723249502192
2 -3.96073146833572 -1.78444712735329
3 -1.06048204998796 0.561226698833966
2 -3.97465467212295 1.35515832131315
2 -3.33636853568627 -1.71921330887609
2 -3.22467360816331 -0.638214751270202
3 -1.90214153619817 -0.169634760400043
3 -1.69946852133198 -1.12330489484248
1 8.59886918985848 -0.13085492187491
3 -2.65869817626195 -1.26012385246812
2 -4.35308529671565 -0.295645200300295
2 -4.62647436610468 0.454034899182346
1 8.68894561127591 -1.06485404250243
3 -1.9426585731486 -1.25244379277729
2 -1.84283439744853 0.127741731463172
3 -2.09543102234815 -0.82440029878936
2 -3.74288059484365 2.0960451002115
1 7.86276871335457 -1.62652031586023
3 -0.850717409038793 -1.34399119787277
3 -2.31229829860097 -1.66252900891313
2 -3.93735316149655 0.543889369159718
1 7.96773024582411 1.09773822248801
2 -4.67462112313207 1.24948445690804
1 10.5604538776737 1.06108011218029
3 -2.75585367796302 -1.03298329248655
2 -2.46777840143419 2.56288678328731
1 9.91711495464907 -1.16714747462896
3 -1.55725081014643 -0.391269094659542
2 -3.58483105894195 0.5110207902387
3 -1.1317816442187 0.943376358696907
2 -4.9434436109586 1.1621805330155
2 -4.83488890846277 0.743585063142167
3 -1.62496109439068 -0.34120716490259
1 9.60276069199503 -0.382027360402209
2 -3.74505957712908 1.73775656364177
3 -3.35936027860764 -0.117491994597497
3 -3.03079824124164 0.341722935780403
2 -3.97917519723949 -0.91707455244442
1 10.3162385617325 1.5090858452957
2 -2.41847721458384 0.691700915591395
2 -4.25438940347655 0.348634670211696
1 8.95282389943559 -0.59396217003346
1 9.81084176446424 -1.48238142764597
3 -5.19064586595289 -0.884815924603424
2 -4.81379754721745 0.407874845623867
1 7.579041587214 -0.621658290740221
3 -0.194108789676111 -1.22691948707763
2 -4.89000315979054 2.28081572470834
2 -2.9265747586867 -1.02300194003542
2 -3.41510489011409 1.07631839329437
2 -3.72974607104788 -0.220510017796424
1 7.62855533903595 -0.446168505317347
3 -2.68576216111144 -0.415764973826182
2 -3.87703360362367 0.952072316638957
1 9.08271007170911 1.07672698567443
3 -2.25210516851325 -1.44190282573227
3 -2.24669037130937 1.18491675210912
3 -2.34719242279417 -1.00209733367453
1 8.90701207003 -0.83424202111168
2 -4.76067287678591 -1.40915938641622
1 9.65415982571956 0.045764377450401
2 -3.03252626962098 1.31193608434902
3 -3.52404467662293 0.261876493985425
2 -3.16222537338579 -0.466311404252239
3 -1.75784910939454 -2.35455180505336
3 -1.69089445528032 -0.82115729382445
3 -2.30524397230972 -0.805155505149459
3 -1.15477268677333 0.884704603873303
2 -2.74511329055459 0.286884741456605
1 9.09588280398239 -1.22554940939672
2 -1.31067008683204 -0.319921614001646
1 10.1077700531207 -1.34487187536427
2 -3.97301447796028 0.0888522540253395
3 -2.63193112123142 -2.20833698223027
2 -1.96342467511304 -2.02574950490116
3 -2.83606999848583 -0.917990888073647
1 9.30525220093538 -0.0895033892494643
3 -2.1058297018617 0.287500124883055
3 -2.31614465478642 -1.25050303552687
2 -2.34454646238187 -1.71865137602326
3 -1.50800626689553 0.795385678703042
2 -3.5318150597145 -0.309831337606569
3 -1.03332863631373 -0.117671207229494
2 -3.1995362291331 1.22781404339354
2 -3.20049134494016 0.812124531910886
2 -3.52751922353997 -0.991876732221409
1 9.35607145336032 -0.970716863639498
2 -3.03887114558516 -0.779809247437923
3 -2.79863881346207 -1.81873247458733
2 -3.11014854112546 -0.995391802310196
2 -4.08217220256771 2.26552323667013
1 9.6383006939604 -3.06262553038278
1 9.88032322621783 -0.981164481810023
1 8.3553578963863 -1.96641766891019
2 -4.03216025875514 1.81241602961275
1 9.92831783482476 -0.840857080270768
1 8.9928729122509 1.04952101730223
1 7.33912782978554 -2.13523065448681
1 7.24690482948962 -0.677720091182499
1 11.4867220359556 -0.404395332603451
3 -2.52620553322193 -0.506574592164969
3 -1.51709538981317 0.637327052807835
3 -1.63972201310393 0.30848024748609
1 7.93098705123471 -0.271804013477362
1 8.69890482837062 -2.01913361641763
2 -4.38509031757448 -0.531898818130661
1 8.39049733968247 0.0446427816583159
1 9.31976010641445 -0.0139394431606488
2 -3.05211955379679 0.896433919679605
2 -5.21540182988046 -2.0107123344758
1 9.74288014311885 -1.46951336442826
2 -3.49748213907708 1.07888885551885
1 8.50807240777414 -2.28309338377636
1 9.42577582656762 -2.0736129242907
2 -3.69891747284796 0.602512366653616
2 -4.29659058129461 0.404503982627023
2 -3.06783574258652 1.46307109267011
3 -2.67504109699917 -0.453908952660469
3 -4.14796696816833 -0.565718626965635
2 -2.73394821832116 0.420421326018407
1 7.43245586542875 -2.1758657019812
2 -3.17619209792453 -0.228843986576478
2 -3.81538414728395 1.14096563482073
2 -2.7232272185535 -0.0922575133412609
2 -4.49576846307366 0.468147045126173
2 -2.90180867745655 -0.361719760709439
2 -2.16242683533335 1.48082183926871
1 9.62442517083619 -0.873136939630824
1 8.50282205054012 -0.469322906958267
3 -2.16882453865636 -1.07339682904128
1 9.85490585108555 0.0675615050275022
2 -1.19823153643417 -1.52930496666931
2 -3.1768789155739 0.770903297056064
1 9.44480027678537 -0.77938360983512
3 -0.652844003580525 -0.877968997666245
2 -4.52384110852081 -0.455560623949981
1 7.46141580068697 -0.996618318201671
3 -2.33260355749578 -1.66312911034779
2 -4.04991003414916 1.14569792715015
3 -2.38976020714267 -0.0246866953971431
3 -4.4128907047438 -0.113127337947127
3 -3.28577300656978 1.02967209764737
2 -1.35323003354589 1.54967490447528
3 -2.38026538703179 -0.476476525365294
3 -2.12082631735117 -2.6631046949018
1 10.5783283222445 -0.385700137142232
2 -2.30847964785649 1.20094661559359
2 -2.89276046240436 0.275981894501605
3 -1.65470370950207 -0.756951037124321
3 -1.87083172872287 -1.58728057954994
1 9.79699259650636 -0.906658393039516
3 -3.44445115694572 -1.04578616516627
3 -1.062354007554 -2.34565447663137
1 8.58044905160053 -3.11318236322898
1 10.6313424217269 1.34008813486819
2 -2.79581841531533 0.714129038462675
2 -2.64066955831818 -1.22207590159856
1 9.59599289396781 0.0193496235143922
1 10.6867418498701 0.762160340416253
3 -2.31770666865292 -0.999792029707141
1 9.61074249716111 -1.43582987381229
2 -4.46368446945129 1.35219964420161
1 9.20710988182596 -1.63056769898234
2 -3.55145017838109 0.216824448189297
3 -2.51909044853872 -0.177455979094384
3 -0.60776215139645 -0.235863629312906
2 -1.84488477557611 -1.01522441004283
1 8.22081437692912 0.801732437532029
3 -2.37498326998679 -0.69647100541646
1 10.1587482631198 -1.05628409768805
3 -2.1919879116282 -0.263719826418558
3 -2.2636442887103 -1.54937283240801
3 -1.43864930475385 0.0396389380732723
3 -0.984121486544527 -1.20972932881614
3 -2.52672946327105 0.160431078116413
1 10.8078650003754 -0.625920463323697
3 -1.36399453647989 -2.28789943773869
3 -2.53166535439472 -0.982103428076391
2 -3.64963790274832 -0.0609202724771147
1 10.0656941841879 1.09076854019353
2 -2.44530593055778 -1.37391978325339
2 -5.2700662672375 0.359238008011501
3 -3.19340791501123 -1.35247242391381
3 -3.72542451863574 0.148041733628627
2 -3.64801095175645 -0.470312987194965
3 -2.81044507153948 -1.57163528522688
1 10.2940706624963 0.684229598282137
2 -2.03474376914111 -0.70645255436554
3 -0.400923602386065 -1.31908697771725
3 -3.88156241604864 -1.86276410822211
1 9.22264699958753 -0.929946250029403
2 -5.03492890721792 0.611880638834267
1 9.70730882806216 -1.9882226040921
1 10.4369595924539 -0.908502508383418
2 -3.21460219468273 0.0886622669548543
1 8.98510019416385 -0.141597215450532
2 -3.0877941526878 1.85456711761713
3 -2.85942619835367 -1.61567241169804
1 9.01191880088579 -1.93764941213546
1 11.0353291761495 -1.04338149916714
1 8.21490525274232 1.2081924954843
1 10.4109472426442 1.31278403790253
2 -4.878035257098 -0.276790386370647
3 -2.22128776478695 -0.506947881461582
2 -3.77932633731175 0.436879053340058
3 -1.38460793731514 -0.00450266226612317
2 -3.97885829567312 1.70161357189353
2 -2.21653315879901 -0.121089058922513
1 8.83507321378292 -1.55404278127438
3 -3.63611264615238 0.660216025960577
3 -3.33025010700941 -1.41598514899876
1 11.2939256728994 0.407192033287747
2 -3.31210958922494 1.6434807304045
3 -1.32668115715538 -0.968702638575146
1 11.3182135081145 -2.44925888786575
2 -3.77935140323752 -1.0360703166761
2 -3.22133586408287 0.646048777220198
1 10.0081960143471 1.89426245008436
3 -3.75260599743283 -1.25043130933755
3 -2.97248857091852 -2.03405954044339
3 -0.544188226176596 -2.6528117301807
2 -3.77538949527957 1.87882279989118
1 10.2804556817886 -0.55025154575178
1 7.85065522939316 -1.61892728493664
3 -1.42750311122197 -0.770280020785388
3 -1.82355286122146 0.954479576102081
2 -1.30619973352592 0.270048656679544
3 -0.144795357030592 -1.40317694999997
3 -1.16981053296201 -1.31687387404736
2 -2.64489812230797 0.758206719063643
2 -3.50457166653251 -0.237506869864249
2 -2.77995385279049 0.561816166043487
3 -3.3846078334065 -0.752369483256303
2 -5.28506099954584 -1.45254759480644
3 -0.529317483088728 -1.23209995332959
2 -4.03325686653821 0.790779900913029
3 -3.10359700369697 -0.519224956274231
1 10.1833983873675 -1.07992163933118
3 -1.6560263008001 -0.396766260161866
2 -2.06347858467592 -0.520412309237687
2 -4.00512346546208 0.498099068822463
2 -2.74629675079795 0.868809969541239
1 9.24088087395524 -1.82579109118199
2 -3.477812179453 -0.626425952638697
1 8.13416858004642 1.25271489711206
2 -4.11846238717072 -1.46994550084815
3 -3.55158246102765 -0.714458155736216
3 1.11418067133987 -1.58405272105301
2 -5.01750154979391 0.165403822235793
1 7.99479327762477 0.601220717667662
3 -1.99926629308782 -1.13253683811916
1 8.3999776127882 -1.0694248262337
2 -2.44078761664883 0.89131197912959
3 -1.69156190125319 -0.918937833524108
2 -2.72147933437042 -0.591314263841191
3 -2.14130331910951 -2.21406828547443
3 -1.81896925547882 -0.950940645907
1 8.89583285755387 -2.45791305791045
1 10.4670991155292 -1.34970863554178
3 -3.168348076306 -0.894332054433379
1 9.17917082401818 0.229142588272992
2 -4.2980373312924 0.763790078047116
